36,5
4294967279,188
34,224
4294967278,185
4294967278,184
34,223
4294967279,185
4294967278,183
4294967278,182
34,222
34,221
4294967278,179
4294967279,180
34,220
34,0
34,5
34,211
34,201
34,199
34,186
34,180
34,164
34,158
34,148
34,140
34,133
34,118
34,110
34,99
34,94
34,79
34,75
34,66
34,26
34,24
34,7
34,4
36,4
4294967278,62
4294967278,61
4294967279,87
4294967279,86
4294967279,85
4294967279,84
4294967279,83
4294967279,81
4294967279,78
4294967279,76
4294967279,75
4294967279,74
4294967279,72
4294967279,69
4294967279,68
4294967279,66
4294967279,64
4294967279,517
4294967278,321
4294967279,316
4294967278,313
4294967279,516
4294967278,311
36,6
4294967279,168
36,3
36,2
36,1
4294967279,318
4294967278,329
33,2
4294967278,411
33,3
4294967278,412
4294967279,557
4294967279,315
4294967279,163
4294967294,89
4294967294,967
4294967294,986
4294967294,182
4294967294,1025
4294967294,161
4294967279,310
4294967279,311
4294967279,543
4294967279,0
4294967278,307
4294967278,407
4294967294,120
4294967294,115
4294967278,365
4294967278,306
4294967279,556
4294967278,298
4294967279,302
4294967278,403
4294967279,329
4294967278,364
4294967279,555
4294967279,153
35,5
35,4
35,3
35,2
35,1
4294967278,304
4294967279,303
4294967279,62
4294967279,61
4294967279,60
4294967279,59
4294967279,58
4294967279,56
4294967279,55
4294967279,53
4294967279,52
4294967279,50
4294967279,48
4294967279,47
4294967279,46
4294967279,45
4294967279,43
4294967279,41
4294967279,39
4294967279,38
4294967279,34
4294967279,32
4294967279,30
4294967279,29
4294967279,22
4294967279,21
4294967279,20
4294967279,19
4294967279,18
4294967279,16
4294967279,14
4294967279,13
4294967279,12
4294967279,11
4294967279,10
4294967278,295
4294967279,36
4294967279,300
4294967278,303
4294967279,35
4294967279,299
4294967278,302
4294967279,33
4294967279,513
4294967279,143
34,8
4294967294,96
4294967294,94
34,3
34,2
34,1
4294967278,292
4294967294,8
0,7
4294967294,393
4294967294,46
4294967294,389
4294967294,390
4294967294,149
4294967279,138
4294967279,27
4294967279,293
4294967278,290
4294967278,137
4294967279,25
4294967279,278
4294967294,1627
4294967279,277
4294967294,0
4294967278,300
4294967294,99
4294967294,76
4294967294,9
4294967294,107
4294967294,42
4294967294,396
4294967294,408
4294967294,395
4294967294,1575
4294967294,989
4294967294,178
4294967294,179
4294967294,169
4294967294,1
4294967294,160
4294967294,468
4294967294,2
4294967294,92
4294967294,91
4294967294,90
4294967294,88
4294967294,87
4294967294,86
4294967294,85
4294967294,84
4294967294,1174
4294967294,1587
4294967294,1634
4294967294,1588
4294967294,29
4294967294,411
4294967294,28
4294967294,154
4294967294,27
4294967294,53
4294967294,589
4294967294,45
4294967294,1155
4294967294,44
4294967278,284
4294967278,417
4294967278,346
4294967279,309
33,5
33,4
32,220
4294967279,275
32,219
4294967279,273
32,218
32,217
4294967279,271
4294967279,573
32,216
4294967279,289
32,215
4294967279,267
4294967279,266
4294967279,522
32,214
32,213
32,212
32,211
32,210
32,209
4294967294,50
4294967294,1633
4294967294,43
4294967294,432
4294967294,52
4294967294,1045
4294967294,82
4294967294,1023
4294967294,11
4294967279,326
27,2
4294967279,256
4294967279,550
32,208
4294967279,255
32,207
4294967279,254
4294967279,251
32,206
4294967279,250
4294967279,249
32,205
4294967279,247
32,204
4294967279,245
4294967279,243
32,1
32,203
4294967279,241
4294967278,240
4294967294,6
32,2
32,5
4294967279,239
32,19
32,18
32,17
32,16
32,15
32,14
32,13
32,12
32,11
32,10
32,9
32,4
4294967294,18
4294967294,127
4294967294,20
4294967294,13
4294967278,132
4294967278,131
4294967278,130
4294967278,129
4294967278,128
4294967278,127
4294967278,126
4294967278,125
4294967278,124
4294967278,123
4294967278,122
4294967278,121
4294967278,120
4294967278,119
4294967278,118
4294967278,117
4294967278,116
4294967278,115
4294967278,114
4294967278,113
4294967278,112
4294967278,111
4294967278,110
4294967278,109
4294967278,108
4294967278,107
4294967278,106
4294967278,105
4294967278,104
4294967278,103
4294967278,102
4294967278,101
4294967278,100
4294967278,99
4294967278,98
4294967278,97
4294967278,96
4294967278,95
4294967278,94
4294967278,93
4294967278,92
4294967278,91
4294967278,90
4294967278,89
4294967278,87
4294967278,86
4294967278,85
4294967278,84
4294967278,83
4294967278,82
4294967278,81
4294967278,80
4294967278,79
4294967278,78
4294967278,77
4294967278,76
4294967278,75
4294967278,74
4294967278,73
4294967278,72
4294967278,71
4294967278,70
4294967278,69
4294967278,68
4294967278,67
4294967278,66
4294967278,65
4294967278,64
4294967278,63
4294967279,82
4294967279,80
4294967279,79
4294967279,77
4294967279,73
4294967279,71
4294967279,70
4294967279,67
4294967279,65
4294967279,63
4294967279,57
4294967279,54
4294967279,51
4294967279,49
4294967279,44
4294967279,42
4294967279,40
4294967279,37
4294967279,31
4294967279,28
4294967279,26
4294967279,24
4294967279,23
4294967279,17
4294967279,15
4294967279,9
4294967279,8
4294967279,7
4294967279,6
4294967279,5
4294967279,4
4294967279,238
27,4
4294967279,237
4294967279,383
27,3
4294967278,399
4294967279,236
4294967294,93
4294967294,95
4294967294,97
4294967294,189
4294967294,184
4294967294,398
4294967294,185
4294967294,180
4294967294,36
4294967294,39
4294967294,387
4294967294,388
4294967294,165
4294967294,113
4294967294,168
4294967294,167
4294967294,162
4294967294,104
4294967294,106
4294967294,166
4294967294,24
4294967294,175
4294967294,183
